1	0	-1300.6685152891	1.5418894182	6.91E-07
1	1	-1331.990885992	1.6063267159	6.91E-07
1	2	-1336.319227809	1.625086092	6.91E-07
1	3	-1364.238134359	1.5857882659	6.91E-07
1	4	-1314.2727675059	1.5815226563	6.91E-07
1	5	-1347.2148198392	1.6056707569	6.91E-07
1	6	-1230.0440295596	1.4811582565	6.91E-07
1	7	-1222.1075373459	1.4728577526	6.91E-07
1	8	-1362.2346669891	1.6113287668	6.91E-07
1	9	-1395.4812952188	1.5722718527	6.91E-07
1	10	-1166.5683125394	1.4483969135	6.91E-07
1	11	-1277.2417305242	1.5508462341	6.91E-07
1	12	-1274.0832851308	1.5202202858	6.91E-07
1	13	-1312.2176369181	1.5735316885	6.91E-07
1	14	-1261.0229694069	1.5224194715	6.91E-07
1	15	-1342.1751870203	1.5388185633	6.91E-07
1	16	-1356.7978246865	1.6364221233	6.91E-07
1	17	-1220.6817754665	1.4973475967	6.91E-07
1	18	-1277.4408662494	1.5915577126	6.91E-07
1	19	-1255.5794749543	1.5385905736	6.91E-07
1	20	-1297.5421967118	1.5933573384	6.91E-07
1	21	-1248.5752450027	1.5343184499	6.91E-07
1	22	-1211.9245839056	1.5301759121	6.91E-07
1	23	-1395.6175951819	1.6218003309	6.91E-07
1	24	-1288.0116096804	1.5417213458	6.91E-07
1	25	-1341.6536157123	1.5786604933	6.91E-07
1	26	-1392.0397445393	1.6644438533	6.91E-07
1	27	-1337.6494694817	1.572838272	6.91E-07
1	28	-1218.5840922146	1.5354700355	6.91E-07
1	29	-1271.7255690717	1.6094270313	6.91E-07
1	30	-1254.5261611065	1.5142580456	6.91E-07
1	31	-1232.7199022884	1.497114906	6.91E-07
2	0	-1318.1757097912	1.601819782	6.91E-07
2	1	-1320.9629915466	1.5794423924	6.91E-07
2	2	-1274.0568654841	1.577110977	6.91E-07
2	3	-1308.9923156125	1.6055776185	6.91E-07
2	4	-1329.3288283202	1.580476453	6.91E-07
2	5	-1197.2668842723	1.525903918	6.91E-07
2	6	-1331.5642244416	1.5377287119	6.91E-07
2	7	-1185.5612579357	1.4583693003	6.91E-07
2	8	-1312.9008977509	1.5893176225	6.91E-07
2	9	-1168.7688060494	1.5042924944	6.91E-07
2	10	-1247.4414895412	1.5414125493	6.91E-07
2	11	-1253.7026737004	1.5619095515	6.91E-07
2	12	-1297.1476113042	1.5791413103	6.91E-07
2	13	-1320.9565881668	1.6010662923	6.91E-07
2	14	-1211.3346161628	1.5383185955	6.91E-07
2	15	932.0989413107	1.3038273903	6.91E-07
2	16	-1465.9112210953	1.6419777717	6.91E-07
2	17	-1323.8800113945	1.572539892	6.91E-07
2	18	-1344.5581148497	1.5876857485	6.91E-07
2	19	-1374.3762304359	1.582723177	6.91E-07
2	20	-1312.8460762236	1.5380806975	6.91E-07
2	21	-1346.4766462614	1.5790188587	6.91E-07
2	22	-1272.4542711397	1.5143178946	6.91E-07
2	23	-1350.8624021245	1.5898583325	6.91E-07
2	24	0	0	6.91E-07
2	25	-1295.3944060974	1.5781632181	6.91E-07
2	26	-1355.0808901988	1.5210026308	6.91E-07
2	27	-1354.4526257953	1.5834472793	6.91E-07
2	28	-1231.9633110304	1.5446446024	6.91E-07
2	29	-1329.7067826726	1.5793009805	6.91E-07
2	30	-1270.0102363509	1.5295615795	6.91E-07
2	31	-1228.3685512752	1.5646765447	6.91E-07
3	0	-1435.9856161103	1.6176462188	6.91E-07
3	1	-1321.8003095003	1.5300810339	6.91E-07
3	2	-1391.229090056	1.6092649359	6.91E-07
3	3	-952.1044228915	1.4547999299	6.91E-07
3	4	-1147.4086179994	1.4990934172	6.91E-07
3	5	-1401.0763801268	1.5870284311	6.91E-07
3	6	-1381.3449044783	1.5826489863	6.91E-07
3	7	-1449.6415325704	1.6148784318	6.91E-07
3	8	-1396.2621089635	1.6326797845	6.91E-07
3	9	-1407.9794324387	1.5963122594	6.91E-07
3	10	-1293.8029627902	1.5538902449	6.91E-07
3	11	-1315.5890820287	1.567708543	6.91E-07
3	12	-1288.7245482331	1.5360098555	6.91E-07
3	13	-1487.0496673803	1.6525937382	6.91E-07
3	14	-1377.2093844735	1.5978934769	6.91E-07
3	15	-1484.7676064161	1.6702187933	6.91E-07
3	16	-1405.804031495	1.5854796988	6.91E-07
3	17	-1404.7209956954	1.5764407744	6.91E-07
3	18	-1412.3139243995	1.571368238	6.91E-07
3	19	-1339.4927912109	1.5536222992	6.91E-07
3	20	-1278.308603669	1.4885815721	6.91E-07
3	21	-1404.4166359531	1.6464536691	6.91E-07
3	22	-1234.2652845702	1.5033176678	6.91E-07
3	23	-1253.1229661822	1.4903834555	6.91E-07
3	24	-1327.1334205341	1.5904777925	6.91E-07
3	25	-1302.1952433347	1.5772699872	6.91E-07
3	26	-1326.7124260121	1.5530962084	6.91E-07
3	27	-1327.6373171861	1.5540880988	6.91E-07
3	28	-1395.3858300822	1.5872529207	6.91E-07
3	29	-1339.379918399	1.5471698823	6.91E-07
3	30	-1448.0465631067	1.6547903109	6.91E-07
3	31	-1386.1054333997	1.5985947506	6.91E-07
5	0	-1359.6232706561	1.5723540984	6.91E-07
5	1	-1277.4102828761	1.5005845416	6.91E-07
5	2	-1432.9615270548	1.5914189589	6.91E-07
5	3	-1417.3372593478	1.5673360462	6.91E-07
5	4	-1411.3955537719	1.6006900534	6.91E-07
5	5	-1395.7745881529	1.5970528803	6.91E-07
5	6	-1374.9349998332	1.5794324599	6.91E-07
5	7	-1306.1504908927	1.507588204	6.91E-07
5	8	-1383.0462412379	1.6015924111	6.91E-07
5	9	-1384.2708859953	1.5078279172	6.91E-07
5	10	-1456.931171564	1.576536354	6.91E-07
5	11	-1363.5416991457	1.5698925631	6.91E-07
5	12	-1442.1990964213	1.6146533935	6.91E-07
5	13	-1393.1509323371	1.5844275743	6.91E-07
5	14	-1468.5479304251	1.6101671927	6.91E-07
5	15	-1288.7586506391	1.520566402	6.91E-07
5	16	-1403.4571082605	1.6239914646	6.91E-07
5	17	-1441.8154565662	1.5638737112	6.91E-07
5	18	-1494.2147419058	1.621985971	6.91E-07
5	19	-1388.9525426395	1.5706886561	6.91E-07
5	20	-1345.6596046298	1.5044772119	6.91E-07
5	21	-1299.4505735757	1.5087679161	6.91E-07
5	22	-1369.8106633179	1.630157594	6.91E-07
5	23	-1370.8754955086	1.5748837965	6.91E-07
5	24	-1280.9458670485	1.5138271912	6.91E-07
5	25	-1312.8645828984	1.5264507059	6.91E-07
5	26	-1355.1327200195	1.5427838682	6.91E-07
5	27	-1309.0599523168	1.5084191275	6.91E-07
5	28	-1318.7485788442	1.5710001952	6.91E-07
5	29	-1308.4330379605	1.4692610149	6.91E-07
5	30	-1430.9294718484	1.5667926678	6.91E-07
5	31	-1252.5087764007	1.501455149	6.91E-07
6	0	-1141.9228295151	1.5818220608	6.91E-07
6	1	-1038.9853787438	1.5408679645	6.91E-07
6	2	-1119.5792492129	1.5688611571	6.91E-07
6	3	-1074.5075934607	1.5024625567	6.91E-07
6	4	-1054.6271074147	1.5120399734	6.91E-07
6	5	-1137.177463363	1.5308467201	6.91E-07
6	6	-1100.3217079283	1.5400499584	6.91E-07
6	7	-1047.0561104916	1.5214718532	6.91E-07
6	8	-1095.2419242621	1.5152228123	6.91E-07
6	9	-1144.7814647987	1.5504649052	6.91E-07
6	10	-1009.2042933865	1.5472759868	6.91E-07
6	11	-1078.3637802257	1.5483495424	6.91E-07
6	12	-1056.4459559831	1.4763011665	6.91E-07
6	13	-1104.0437628591	1.5593273566	6.91E-07
6	14	-1107.877144632	1.5425526627	6.91E-07
6	15	-1095.1191456725	1.5674900413	6.91E-07
6	16	-1003.1537804946	1.5386611616	6.91E-07
6	17	-1082.0035934021	1.5185090584	6.91E-07
6	18	-981.5016079438	1.4371891348	6.91E-07
6	19	-1099.2405089556	1.5555430186	6.91E-07
6	20	-1039.1197736439	1.5375321367	6.91E-07
6	21	-952.7091151497	1.4617045701	6.91E-07
6	22	-1071.970358368	1.5537506019	6.91E-07
6	23	-1082.2499841332	1.5573051965	6.91E-07
6	24	-1085.7370326325	1.539501436	6.91E-07
6	25	-1058.2424327276	1.5097227048	6.91E-07
6	26	-1122.0113512703	1.5429643898	6.91E-07
6	27	-1103.7528586175	1.5194226293	6.91E-07
6	28	-1078.0291679763	1.5438900472	6.91E-07
6	29	-1090.1003141607	1.5396895998	6.91E-07
6	30	-1071.134927447	1.5046274451	6.91E-07
6	31	-994.9926703596	1.4691023504	6.91E-07
7	0	-1025.7150378194	1.5644419735	6.91E-07
7	1	-1031.705880003	1.5300992343	6.91E-07
7	2	-1001.2423649323	1.4896596561	6.91E-07
7	3	-1100.8677798311	1.5275215923	6.91E-07
7	4	-1107.2819034084	1.5791174026	6.91E-07
7	5	-1067.8625686105	1.5379467254	6.91E-07
7	6	-1016.2471722845	1.512367306	6.91E-07
7	7	-1039.8542941975	1.5793890773	6.91E-07
7	8	-1029.850503791	1.5529480519	6.91E-07
7	9	-1033.7603274238	1.5280882916	6.91E-07
7	10	-989.4042834909	1.5403416234	6.91E-07
7	11	-1045.8447848314	1.5233234409	6.91E-07
7	12	-1031.3582245459	1.5606417686	6.91E-07
7	13	-974.0140195134	1.4937441606	6.91E-07
7	14	-902.3118010901	1.4704181338	6.91E-07
7	15	-1118.1357299055	1.6004581675	6.91E-07
7	16	-1089.4511322547	1.5877887521	6.91E-07
7	17	-1039.9313516765	1.5194776572	6.91E-07
7	18	-1006.7748254178	1.513948417	6.91E-07
7	19	-1044.4470179785	1.6028662111	6.91E-07
7	20	-1091.871178602	1.581171489	6.91E-07
7	21	-1091.7864832336	1.5407407888	6.91E-07
7	22	-1049.4749016687	1.488879889	6.91E-07
7	23	-1043.7274015533	1.5163458992	6.91E-07
7	24	-1007.0384250613	1.5799390822	6.91E-07
7	25	-994.588514633	1.5456452417	6.91E-07
7	26	-942.8515982968	1.5123652356	6.91E-07
7	27	-1087.7769686854	1.553764338	6.91E-07
7	28	-1058.2956588724	1.583337354	6.91E-07
7	29	-1028.3089502026	1.5099348607	6.91E-07
7	30	-967.2938874017	1.5348117967	6.91E-07
7	31	-1104.2238391953	1.6162386252	6.91E-07
8	0	-1056.8672455674	1.4928695851	6.91E-07
8	1	-1181.765749992	1.527934202	6.91E-07
8	2	-1180.9211952025	1.5394896729	6.91E-07
8	3	-1177.6964459444	1.5427692265	6.91E-07
8	4	-1135.277768442	1.4883339156	6.91E-07
8	5	-1156.3169611358	1.4785495691	6.91E-07
8	6	-1159.8974155819	1.4784919104	6.91E-07
8	7	-1178.7767590715	1.4917551905	6.91E-07
8	8	-1228.5851422452	1.5715225373	6.91E-07
8	9	-1221.4285372126	1.4845819081	6.91E-07
8	10	-1270.77864934	1.5724802242	6.91E-07
8	11	-1296.3263237062	1.5834179434	6.91E-07
8	12	-1185.4811584334	1.5221379369	6.91E-07
8	13	-1193.4878303356	1.4960319093	6.91E-07
8	14	-1254.6884280646	1.5220739003	6.91E-07
8	15	-1190.8468306561	1.4862452119	6.91E-07
8	16	-1134.5243835126	1.5345347409	6.91E-07
8	17	-1253.6936035972	1.5603364226	6.91E-07
8	18	-1197.0209014681	1.5201797145	6.91E-07
8	19	-1218.6459048035	1.5308430024	6.91E-07
8	20	-1213.2981808865	1.5207421057	6.91E-07
8	21	-207.745592712	1.2555682755	6.91E-07
8	22	-1256.7471181132	1.554860683	6.91E-07
8	23	-1239.4898146839	1.5369139932	6.91E-07
8	24	-1365.3200910064	1.6262926283	6.91E-07
8	25	-1210.3162993762	1.5112353633	6.91E-07
8	26	-133.4512473327	1.2625177135	6.91E-07
8	27	-1300.2097189568	1.5344181309	6.91E-07
8	28	-1376.9308811418	1.5890098711	6.91E-07
8	29	-1314.9230769772	1.5755448595	6.91E-07
8	30	-1306.4024997034	1.5741322525	6.91E-07
8	31	-1195.2723704698	1.5155059424	6.91E-07
9	0	-989.2647537981	1.6121580547	6.91E-07
9	1	-936.3295693489	1.4899782818	6.91E-07
9	2	-936.4074954757	1.5258857333	6.91E-07
9	3	-881.6758059763	1.4569504076	6.91E-07
9	4	-918.2142702336	1.4733377784	6.91E-07
9	5	-1014.0098114221	1.6353098894	6.91E-07
9	6	-884.2582820894	1.4835408459	6.91E-07
9	7	-980.4752624539	1.5751805347	6.91E-07
9	8	-1015.5806215894	1.5276335633	6.91E-07
9	9	-902.8997480837	1.4852805551	6.91E-07
9	10	-924.4788483	1.5490212339	6.91E-07
9	11	-989.6037311838	1.5606572707	6.91E-07
9	12	-928.358589739	1.5747799718	6.91E-07
9	13	-849.0850459565	1.5310557125	6.91E-07
9	14	-925.2357158812	1.5566493412	6.91E-07
9	15	-972.9831209528	1.5797983563	6.91E-07
9	16	-971.2369215979	1.5143132623	6.91E-07
9	17	-1019.7439014544	1.5095614318	6.91E-07
9	18	-993.2949730543	1.5471523308	6.91E-07
9	19	-989.4275048182	1.5236759365	6.91E-07
9	20	-1058.9407498845	1.6118391567	6.91E-07
9	21	-963.5017294267	1.5352947688	6.91E-07
9	22	-1040.8851301986	1.5423153121	6.91E-07
9	23	-1059.6563110073	1.5604374979	6.91E-07
9	24	-1012.9387751352	1.4985433842	6.91E-07
9	25	-1040.1678251459	1.5660895422	6.91E-07
9	26	-966.9490657201	1.5772088753	6.91E-07
9	27	-1000.1680868578	1.5133948859	6.91E-07
9	28	-972.1492246319	1.559476555	6.91E-07
9	29	-1036.2553635724	1.5652221174	6.91E-07
9	30	-995.0315701052	1.5613925124	6.91E-07
9	31	-913.513074085	1.4653524376	6.91E-07
